Recursive feature selection

Outer resampling method: Cross-Validated (10 fold) 

Resampling performance over subset size:

 Variables   RMSE Rsquared  RMSESD RsquaredSD Selected
         1 0.1720   0.1397 0.02515    0.06129         
         2 0.1658   0.1699 0.02047    0.06232         
         3 0.1554   0.2566 0.02073    0.05575         
         4 0.1528   0.2762 0.02204    0.06723         
         5 0.1523   0.2794 0.02153    0.06605         
         6 0.1532   0.2745 0.02186    0.06490         
         7 0.1524   0.2811 0.02285    0.07490         
         8 0.1517   0.2868 0.02302    0.07289         
         9 0.1515   0.2882 0.02237    0.07534         
        10 0.1503   0.2988 0.02312    0.07404         
        11 0.1496   0.3045 0.02224    0.06574         
        12 0.1489   0.3112 0.02166    0.06243         
        13 0.1489   0.3106 0.02162    0.06324         
        14 0.1490   0.3103 0.02197    0.06249         
        15 0.1482   0.3177 0.02186    0.07180         
        16 0.1484   0.3164 0.02171    0.06754         
        17 0.1480   0.3191 0.02177    0.06810         
        18 0.1479   0.3207 0.02151    0.06696         
        19 0.1476   0.3226 0.02131    0.06571         
        20 0.1479   0.3200 0.02138    0.06901         
        21 0.1475   0.3243 0.02162    0.06894         
        22 0.1475   0.3246 0.02134    0.06785         
        23 0.1473   0.3263 0.02120    0.06372        *
        24 0.1475   0.3236 0.02120    0.06770         
        25 0.1476   0.3226 0.02122    0.06703         
        26 0.1476   0.3234 0.02126    0.06601         

The top 5 variables (out of 23):
   P_z, P8_z, P8_u, P5_u, P850

> predictors(results)
 [1] "P_z"  "P8_z" "P8_u" "P5_u" "P850" "P8_f" "R850" "P5_f" "P5_z" "R500" "P_u"  "P8th" "P_v"  "Mslp" "P500" "Rhum"
[17] "P5th" "P_f"  "P8_v" "P_zh" "P_th" "Temp" "Shum"
