Recursive feature selection

Outer resampling method: Cross-Validated (10 fold) 

Resampling performance over subset size:

 Variables   RMSE Rsquared   RMSESD RsquaredSD Selected
         1 0.9630  0.06194 0.014363    0.01684         
         2 0.9383  0.12322 0.010750    0.01158         
         3 0.9024  0.16482 0.006374    0.01061         
         4 0.8757  0.20600 0.012047    0.01870         
         5 0.8599  0.23301 0.009126    0.01597         
         6 0.8467  0.25661 0.008765    0.01799         
         7 0.8355  0.27573 0.007975    0.01512         
         8 0.8270  0.29055 0.007341    0.01114         
         9 0.8210  0.30090 0.008030    0.01263         
        10 0.8142  0.31291 0.007617    0.01082         
        11 0.8105  0.31967 0.008770    0.01449         
        12 0.8064  0.32656 0.009416    0.01520         
        13 0.8019  0.33466 0.011469    0.01856         
        14 0.8000  0.33809 0.010905    0.01790         
        15 0.7970  0.34296 0.010194    0.01852         
        16 0.7943  0.34788 0.010557    0.01880         
        17 0.7927  0.35086 0.012096    0.02135         
        18 0.7927  0.35054 0.012505    0.02221         
        19 0.7916  0.35273 0.011947    0.02075         
        20 0.7901  0.35524 0.012525    0.02179         
        21 0.7904  0.35453 0.012542    0.02189         
        22 0.7894  0.35639 0.012211    0.02174         
        23 0.7895  0.35649 0.013211    0.02339         
        24 0.7895  0.35654 0.013226    0.02334         
        25 0.7894  0.35672 0.012781    0.02286         
        26 0.7893  0.35701 0.012194    0.02180        *

The top 5 variables (out of 26):
   R500, R850, P_z, P8_z, P500

